$ANSIBLE_VAULT;1.1;AES256
36636234623432626533343530626361633835323030356333343339346232353263363232653038
3930633037653765633964313138666564316439303837640a326434656631333934333463343639
32653238656664623138363261623035346565643365373338383530666432333638663230326230
6165343232323532610a633530356666313931383538393935373235306633303832616136313339
33303364663661346536386237646162663830343938323630373233386437343738333661653031
35343363623132386235373066373766663566393064343862373162313436666235336238346237
61616161356164363133383533666236353335396230653333336466633539343338333631646130
63366430613661623130343365303931633032653433653632373862393438353636363139316661
64363765666562633537366532643666646539626534336364626361646638663733336261353434
66353463396337663133376366353065313935303964383066623439346538613931373964623862
62656262316234666539316663313736333838623138303535303366373439313234626164616132
30383633323432373837633665623332666233316138316335323039633035346565353530626436
30333538306530303031653463316536393734316165376332653266363265353736663763633064
63666435353431656134623335663937653439626464653037313539396664333266633536663465
31373436386565333661616163333766306531626661663835663436373533663333356231326339
33333963326561633065623935396535383833323263396166366434323365346563353735306634
38313037633833626631306633633562643437323738316265616438393064313938353935613961
63343262386332393064383335383739333039363331353637633863356539396466643139643865
61636635616238633466393565356435616266623263383332646638636537646432643665343562
65643163666235373962353064613765666663366130393633363930636531386532656564383839
31393638386238623230323065316465316339643334313633613832333030343962346336333737
38643466316235323965356364623763623762363539386162393939363437663861373437653033
31383338383938323562656162396665616537343139626164373665333539623163326430366232
35383933303931393962346432643933643262623435613761636537663364333634616662616262
34616337303932633532626335333337376533613334626437616332646134613265646331663131
66633261303035646531306662333439326264623234366430343161303833623836623734626261
373434313061626536613532323834396636
