$ANSIBLE_VAULT;1.1;AES256
61356634316366643636353466343636613735336235666166386163646133376139343964393431
3339656136306436323834396665316266653363626535610a666532633735313530383262353461
34383835663131333664626134366566366362343931613132386164383763393739623432663235
6631633937313130630a336661313837633633343562373338663435666534653633613737633561
32636565396537386430653430643762353861653765393961643731383239313762316236653938
62626666613963303436383566313466656564383839353437353636343234356563613730636132
36393466306238646538623566343365393863313632326539623431343231343034633235366439
32656461636137313964613665623733383334323462363335353333643934613132333064383631
32383932656439373165303038306331646164333464383738393936626633343831343664623637
66323061383064356130303734396665393031306638386563633936356465663530386661633065
36353861663633336236393232613066353430346130343631333836353733653031366364363336
30323165386566663563333638666463326265666161303535613063393636363961633132316637
34346337366564623237363132643330306163366434323131623531643634303730373035376134
66633438383633356166363539623330646262386438346166343361303633346261323537306638
36643538373564643035383265623066396164663333656435653931613837656639636364363764
30653966323134623962313035376530653231666338326439383130656634643963656535663730
61653837636330393637346338356162333266633266616562343565376335386636666335316532
61383865643433616336343537383764636630346162373361386231353435663232626132336133
35363838376233313034383135646635353437633033646634613735343930613536663636633931
65383138383662396331616237353639646263663433623532656437313838393735316333313564
36626264623833336638636461383835656136653331376462623662383730633734
