$ANSIBLE_VAULT;1.1;AES256
63636262363863353066373266613738383363336335323764386566653330353038323335376537
3030653938323162383630313361313835356437343330310a316235386339323966656162623739
62663034386331393435613964633130643264643532353866633636373866626533323838653666
3262613363396534640a623063656331313862386562376639313466366531633566656166343831
31646138363135623039303434626661643233643936336364646230303964393833393534393863
34316135626536666234356536353735336136363163633866643137643937643533333366383339
64656362303164353862353464646339393039303235316636633139383731656537323863366334
32646433336332656566363362643739636538346237613231343666396238656335383163383931
36353832656164373230396565623664336139383438306333363439633733643539303032353834
63666338626165326137623433306561656432393865373337333432636538653432373837396233
39323936316461303130383934376464653733393035633835333530383266373234303430396563
30363662303833633739653963356236636531313938653535326264316430386162626162313439
33316138306430346637613936653832343265306235353030656232633839356566336266656436
38646237313335646330396166643935386262393933663234333830633064393862376138633532
61396534346530663432333336643732663661373036646435396363623164643433353765393634
64633530346134633134383865336632366666323338623133623265353862613363623530353533
35396530363336343263353138353965346163356365373561363362373933393135306133333932
66366163316234343763366566373164396438313061383434316632376537626263646635636633
65346137333064666437356235373135373630636639646632313836306262316338326432363065
64383133373431643033303863333639313864653861356136383536383431353538323266643134
36383333666362623434326337613030613631623235353333356535313231306663316266343735
64333665373261346332326436653830643161363630373831386566316463313364326465343961
30303833346237373437353230326136366666626366333764376563613963663533353239316533
65363738343537303165666466633062336264666337313435303938316638383332396337653932
36656330663466373764653838636438616539333263666235653764396133353334633836336136
34346532393531306166343039633863353137386435383632356137386534656430333063613162
34323564303665343636343436303864646532373030613939356437323764636362386663323035
63363830613266353037376639313530333866616132663765653937626164313831643138316431
66343166323739303637633431343665323236646364323739353564343234626631633739326666
66393564323331613965663130626536383339616663616634626362373265303065616365656136
66323166383036373032313934376665363238323666353366653462643734363362323765383434
30646330663232303638326630306538383630313130633731353662383535323031313935376566
36633837656336626235333237383639363234306565393333396134646165303734303037326465
61306666643733636639356561393563333931336636326262373863613964666565313162623532
64323439313832303430336635323931346138633738316130396534366130323731633164333361
38363337636261373433383363313838616237656332363739393438636462646130653664303232
35353330616235353838393131643231393733613565633363613933303732346263346436333033
61396461353335633264373264376262623435353930326462663937646335363934356331666434
33396461356163326438613637376231316362343632633263333734646632303262633661353731
32633230376261323333
