$ANSIBLE_VAULT;1.1;AES256
30656238343831633035363639386630306435323438343331393463653264343935373231376130
3164313364656562623866396431623138326635643266370a396635343934616532643837373532
66626263666566333532353664343237643231323935363839613062393866313364366634363930
3831653864313537310a323939616165643866333065316265656532623661393135376364303733
34313037666532333762643336633536666363306461366530323266643037336336343962313333
34663037666136663536303964663336623338646332353563663136333938393465623031633735
30363635386334316263656132326563643464393964616163393638663564613431613636396334
61366236343233633232306139323662373433623433313539323235666438636361646361613238
61653464643737383635336334336138316665303034333166383263396531366361376334333638
65333535623261616162623163626239643534336234613639623330326637363836393265633235
33356332363936396133626263376231313132343164346364396430383961613339393263653662
65336532386138613031306539333832363263353337663465396364366633356338666433396536
61636534626361383062376263353666623230366238653063396430393235376434353365626435
65643538613634396236613931656635333364623965326665393463393365636232613032366331
38663061636334623432376462393861393732663330616339643931313165303733666662333562
64646538393236383962626139663165663330323939633834613063373730623133363233613963
36626266383735373064623261366461363565663431333764366561616139383837373861333332
38623166663562656435326365623238353435633965656562346361346235626262383831653930
62666431333266333532373833646632643738336434353339656537343530303738323537646439
39386237646234653137663734656332366438383531393235326363353631333931313833396633
36643734353431323137363166636134643064316630373134613762663533363538616434383035
64366233646364373330303561626337356239616565306337663232333264663964356663616236
39356662353963656436643735326634323837663039656539316562333965356130346631303465
62633234633563386562346631383962343535653831353334373663313462313338613133343062
61323135343937646263383339613430363035623632336639386632316563373461623461616562
37313861623036303133303633636262383530386539613062616239376532303139396232626436
62333139623565343236353962316261616563306133636533663835386534356635623534303433
32616535333132653663396432636131633435303539636431353464303861363234366237653731
33656334373737333638643164616239653034326161313963656662633163363839386665356233
36613432313761623936393136613539353232363031613239323063333331666363386138393066
64653430383961336264383336326136626133636339663631316435386538313362363835616539
61653239306234383161383538323336326639353136333562356532356535376263623763353264
31363730373036346534383030346266633663346131313237656364343230333736643233326435
3366393437613365393436326335663332663561613763336534
