$ANSIBLE_VAULT;1.1;AES256
62633566623863353438323130306161653137316430626135633964366264363536396464613965
3865623235326638636164393232363036626137326134330a353563303135333130313335653966
33333138333031373963346138656665646665316534656365613637653439306432363933373361
3832366263303930330a353635363732326639316137393532376336346661636465326132303864
37313537636334653037356466313165396435646536643962623764376136316466643536666233
66383237336265303139346539326461303536346263653061383566616131356262613032343036
31316538626635653962333463643735363130653861376337613134653564653331656162333561
39326339376139356561393163366265653163666139643830343163353266626532333366343663
38613836663238656334363161636139376462396365336135366535646332393030346438656266
63313062623164333832303461366363386434376136313536316131313365616338626661653238
38643235366265653730303762303836633232343265396538636437376430363362633331303830
64303330656331633965646632646637333763633639303235316233343364383431313463303363
32313038333335623336633561376136343266333861613865353661363061363934643965663462
61303638623966323265386631303066386431636664333731376165353332656231623036613031
37653938323235343465663235373066383162663732633266393161653235613438363765336432
38316566396234663466636135383261666263313238653235643830346161333839306130633131
37336466316232316631343334376332393137396264393032333466343239633466353861363933
31623235383935646434646461346463356166366436306161626131373866663434663836366361
30666163653939353938616264383163386230613563343661653834356130323933623532626530
63343233306662316533313230353739633363386635383236353266323363393431643465316533
3933
